0.651000
0.704317
0.645589
0.709292
0.639211
0.714923
0.631805
0.721145
0.623394
0.727799
0.614133
0.734618
0.604358
0.741239
0.594592
0.747262
0.585470
0.752354
0.577584
0.756340
0.571298
0.759241
0.566661
0.761225
0.563461
0.762515
0.561366
0.763326
0.560044
0.763824
0.559231
0.764124
0.558739
0.764304
0.558444
0.764411
0.558269
0.764475
0.558165
0.764512
0.558103
0.764535
0.558067
0.764548
0.558045
0.764555
0.558032
0.764560
0.558025
0.764563
0.558020
0.764564
0.558018
0.764565
0.558016
0.764566
0.558015
0.764566
0.558015
0.764566
0.558015
0.764566
0.558014
0.764566
0.558014
0.764566
0.558014
0.764566
0.558014
0.764567
0.558014
0.764567
0.558014
0.764567
0.558014
0.764567
0.558014
0.764567
0.558014
0.764567
0.558014
0.764567
0.558014
0.764567
0.558014
0.764567
0.558014
0.764567
0.558014
0.764567
0.558014
0.764567
0.558014
0.764567
0.558014
0.764567
0.558014
0.764567
0.558014
0.764567
